48.877413728683 13.6442364163903 0.682211820819514
56.4359810931776 17.96341776753 0.898170888376502
19.110900349501 -3.36519980028514 -0.168259990014257
-9.90030427924371 -19.9430310167107 -0.997151550835535
-6.23658965166499 -17.8494798009514 -0.892473990047571
1.32197771282959 -13.5302984498117 -0.676514922490583
33.996896969153 5.14108398237316 0.257054199118658
4.98569234040831 -11.4367472340524 -0.57183736170262
37.6606115967317 7.23463519813243 0.361731759906621
8.64940696798703 -9.34319601829312 -0.467159800914656
41.3243262243105 9.3281864138917 0.466409320694585
48.8828935888051 13.6473677650315 0.682368388251573
44.9880408518892 11.421737629651 0.571086881482548
52.5466082163838 15.7409189807907 0.787045949039537
48.6517554794679 13.5152888454102 0.675764442270512
56.2103228439625 17.83447019655 0.8917235098275
52.3154701070466 15.6088400611695 0.780442003058476
59.8740374715412 19.9280214123093 0.996401070615463
-2.5673951639642 -15.752797236551 -0.787639861827549
-6.46224790088006 -17.9784273719315 -0.898921368596573
1.09631946361452 -13.6592460207917 -0.682962301039585
-2.79853327330134 -15.8848761561722 -0.79424380780861
4.76003409119324 -11.5656948050324 -0.578284740251622
0.865181354277386 -13.7913249404129 -0.689566247020646
8.42374871877197 -9.47214358927316 -0.473607179463658
4.52889598185611 -11.6977737246537 -0.584888686232683
12.0874633463507 -7.37859237351389 -0.368929618675695
44.7623826026741 11.2927900586709 0.564639502933547
15.7511779739294 -5.28504115775462 -0.264252057887731
48.4260972302529 13.3863412744302 0.66931706372151
19.4148926015081 -3.19148994199535 -0.159574497099768
26.9734599660027 1.12769140914441 0.0563845704572203
59.6483792223262 19.7990738413292 0.989953692066462
30.6371745935814 3.22124262490368 0.161062131245184
-6.68790615009512 -18.1073749429115 -0.905368747145575
34.3008892211602 5.31479384066295 0.265739692033147
-3.0241915225164 -16.0138237271522 -0.800691186357611
4.53437584197818 -11.6946423760125 -0.584732118800623
0.639523105062324 -13.920272511393 -0.696013625569648
8.1980904695569 -9.6010911602532 -0.48005455801266
4.30323773264104 -11.8267212956337 -0.591336064781684
11.8618050971356 -7.50753994449393 -0.375376997224696
7.96695236021976 -9.73317007987442 -0.486658503993721
15.5255197247143 -5.41398872873466 -0.270699436436733
11.6306669877985 -7.63961886411515 -0.381980943205757
19.1892343522931 -3.32043751297539 -0.166021875648769
15.2943816153772 -5.54606764835588 -0.277303382417794
30.4115163443664 3.09229505392364 0.154614752696182
26.5166636074505 0.866664918543147 0.0433332459271574
34.0752309719451 5.18584626968291 0.259292313484145
30.1803782350292 2.96021613430242 0.148010806715121
37.7389455995238 7.27939748544218 0.363969874272109
0.413864855847258 -14.049220082373 -0.70246100411865
41.4026602271025 9.37294870120145 0.468647435060072
4.07757948342598 -11.9556688666137 -0.597783443330686
45.0663748546813 11.4664999169607 0.573324995848036
7.7412941110047 -9.86211765085446 -0.493105882542723
15.2998614754993 -5.5429362997147 -0.277146814985735
11.4050087385834 -7.76856643509518 -0.388428321754759
18.963576103078 -3.44938508395543 -0.172469254197771
15.0687233661621 -5.67501521933592 -0.283750760966796
22.6272907306567 -1.35583386819616 -0.0677916934098078
18.7324379937409 -3.58146400357665 -0.179073200178832
26.2910053582354 0.737717347563112 0.0368858673781556
29.9547199858142 2.83126856332238 0.141563428166119
26.0598672488983 0.605638427941891 0.0302819213970946
33.6184346133929 4.92481977908165 0.246240988954083
41.1770019778875 9.24400113022141 0.462200056511071
37.2821492409716 7.01837099484092 0.350918549742046
44.8407166054662 11.3375523459807 0.566877617299034
40.9458638685503 9.11192221060019 0.455596110530009
48.5044312330449 13.43110356174 0.671555178086998
11.1793504893684 -7.89751400607522 -0.394875700303761
52.1681458606236 15.5246547774992 0.776232738874961
14.8430651169471 -5.80396279031595 -0.290198139515798
55.8318604882024 17.6182059932585 0.880910299662925
18.5067797445258 -3.71041157455668 -0.185520578727834
26.0653471090204 0.608769776583074 0.0304384888291538
22.1704943721045 -1.61686035879741 -0.0808430179398707
29.7290617365991 2.70232099234235 0.135116049617117
0.717857107854382 -13.8755102240832 -0.693775511204161
33.3927763641778 4.79587220810162 0.239793610405081
40.9513437286724 9.11505355924138 0.455752677962069
37.0564909917565 6.88942342386088 0.344471171193044
44.6150583562511 11.2086047750006 0.560430238750032
40.7202056193353 8.98297463962015 0.449148731981008
48.2787729838299 13.3021559907599 0.665107799537996
44.383920246914 11.0765258553794 0.553826292768971
51.9424876114086 15.3957072065192 0.769785360325959
48.0476348744927 13.1700770711387 0.658503853556935
55.6062022389873 17.4892584222785 0.874462921113923
51.7113495020714 15.263628286898 0.763181414344898
59.269916866566 19.5828096380377 0.979140481901886
21.9448361228895 -1.74580792977745 -0.0872903964888725
-7.06636850585526 -18.323639146203 -0.91618195731015
25.6085507504682 0.347743285981821 0.017387164299091
-3.40265387827654 -16.2300879304437 -0.811504396522187
29.2722653780469 2.44129450174109 0.122064725087054
36.8308327425415 6.76047585288085 0.338023792644042
32.9359800056256 4.53484571750036 0.226742285875018
